soc 2 b09.4 S 10.000000
X: 947.338572 Y: 775.773389
X: 1056.274452 Y: 631.278601
